Number of datasets: <4
Number of compartments <4

Datafile: <global01.dat
Wavelength: <665.00
fit start: <30 fit end: <965
----------------------------------------------------------------------------
Bound
< 3.000000000   1 0  3.000000000   2 0  3.000000000   3 0 -0.000000000   4 0 
SAS
< 0.300000012   5 1  0.100000001   6 1  0.340000004   7 1  1.233999968   8 1 
SAS SCALE FACTORS
< 1.000000000        1.000000000        1.000000000        1.000000000       
Transfer Matrix
< 1.200000048   9 1  0.000000000  10 0  0.000000000  11 0  0.000000000  12 0 
< 0.000000000  13 0  1.200000048  14 1  0.000000000  15 0  0.000000000  16 0 
< 0.000000000  17 0  0.000000000  18 0  1.200000048  19 1  0.000000000  20 0 
< 0.000000000  21 0  0.000000000  22 0  0.000000000  23 0  1.200000048  24 1 
Diagonal
< 1.200000048   9 1  1.200000048  14 1  1.200000048  19 1  1.200000048  24 1 
Background
< 10.60658073  25 1
Shift
< 0.285721987  26 1
----------------------------------------------------------------------------

Datafile: <global02.dat
Wavelength: <670.00
fit start: <30 fit end: <965
----------------------------------------------------------------------------
Bound
< 3.000000000   1 0  3.000000000   2 0  3.000000000   3 0 -0.000000000   4 0 
SAS
< 0.300000012  27 1  0.100000001  28 1  0.340000004  29 1  1.233999968  30 1 
SAS SCALE FACTORS
< 1.000000000        1.000000000        1.000000000        1.000000000       
Transfer Matrix
< 0.159129024   9 1  0.000000000  10 0  0.000000000  11 0  0.000000000  12 0 
< 0.000000000  13 0  5.639036179  14 1  0.000000000  15 0  0.000000000  16 0 
< 0.000000000  17 0  0.000000000  18 0  1.068278074  19 1  0.000000000  20 0 
< 0.000000000  21 0  0.000000000  22 0  0.000000000  23 0  0.285709262  24 1 
Diagonal
< 0.159129024   9 1  5.639036179  14 1  1.068278074  19 1  0.285709262  24 1 
Background
< 12.85521221  31 1
Shift
<-0.088185064  32 1
----------------------------------------------------------------------------

Datafile: <global03.dat
Wavelength: <675.00
fit start: <30 fit end: <965
----------------------------------------------------------------------------
Bound
< 3.000000000   1 0  3.000000000   2 0  3.000000000   3 0 -0.000000000   4 0 
SAS
< 0.300000012  33 1  0.100000001  34 1  0.340000004  35 1  1.233999968  36 1 
SAS SCALE FACTORS
< 1.000000000        1.000000000        1.000000000        1.000000000       
Transfer Matrix
< 0.159129024   9 1  0.000000000  10 0  0.000000000  11 0  0.000000000  12 0 
< 0.000000000  13 0  5.639036179  14 1  0.000000000  15 0  0.000000000  16 0 
< 0.000000000  17 0  0.000000000  18 0  1.068278074  19 1  0.000000000  20 0 
< 0.000000000  21 0  0.000000000  22 0  0.000000000  23 0  0.285709262  24 1 
Diagonal
< 0.159129024   9 1  5.639036179  14 1  1.068278074  19 1  0.285709262  24 1 
Background
< 11.14657784  37 1
Shift
< 0.146019250  38 1
----------------------------------------------------------------------------

Datafile: <global04.dat
Wavelength: <680.00
fit start: <30 fit end: <965
----------------------------------------------------------------------------
Bound
< 3.000000000   1 0  3.000000000   2 0  3.000000000   3 0 -0.000000000   4 0 
SAS
< 0.300000012  39 1  0.100000001  40 1  0.340000004  41 1  1.233999968  42 1 
SAS SCALE FACTORS
< 1.000000000        1.000000000        1.000000000        1.000000000       
Transfer Matrix
< 0.159129024   9 1  0.000000000  10 0  0.000000000  11 0  0.000000000  12 0 
< 0.000000000  13 0  5.639036179  14 1  0.000000000  15 0  0.000000000  16 0 
< 0.000000000  17 0  0.000000000  18 0  1.068278074  19 1  0.000000000  20 0 
< 0.000000000  21 0  0.000000000  22 0  0.000000000  23 0  0.285709262  24 1 
Diagonal
< 0.159129024   9 1  5.639036179  14 1  1.068278074  19 1  0.285709262  24 1 
Background
<  8.55228519  43 1
Shift
< 0.219933644  44 1
----------------------------------------------------------------------------

