Target global fit>>
Input answer file: sas4.ans
Output answer file: sas4.ans
data [1] chisq=1.082442 DW=0.000000 
data [2] chisq=1.229844 DW=0.000000 
data [3] chisq=1.165525 DW=0.000000 
data [4] chisq=1.226310 DW=0.000000 
data [5] chisq=1.165534 DW=0.000000 
data [6] chisq=1.191167 DW=0.000000 
data [7] chisq=1.187264 DW=0.000000 
data [8] chisq=1.129185 DW=0.000000 
Global   chisq=1.167737 DW=0.000000 
Number of datasets: <8
Number of compartments <4

Datafile: <global01.dat
Wavelength: <665.00
fit start: <30 fit end: <965
----------------------------------------------------------------------------
Bound
< 1.000000000   1 0  1.000000000   2 0  1.000000000   3 0  1.000000000   4 0 
SAS
< 0.603616297   5 1  0.321938932   6 1  0.272477061   7 1  0.296709001   8 1 
SAS SCALE FACTORS
< 1.000000000        1.000000000        1.000000000        1.000000000       
Transfer Matrix
< 0.159129024   9 1  0.000000000  10 0  0.000000000  11 0  0.000000000  12 0 
< 0.000000000  13 0  5.639036179  14 1  0.000000000  15 0  0.000000000  16 0 
< 0.000000000  17 0  0.000000000  18 0  1.068278074  19 1  0.000000000  20 0 
< 0.000000000  21 0  0.000000000  22 0  0.000000000  23 0  0.285709262  24 1 
Diagonal
< 0.159129024   9 1  5.639036179  14 1  1.068278074  19 1  0.285709262  24 1 
Background
< 10.60658073  25 1
Shift
< 0.285721987  26 1
----------------------------------------------------------------------------

Datafile: <global02.dat
Wavelength: <670.00
fit start: <30 fit end: <965
----------------------------------------------------------------------------
Bound
< 1.000000000   1 0  1.000000000   2 0  1.000000000   3 0  1.000000000   4 0 
SAS
< 0.685784996  27 1  0.254470974  28 1  0.236471951  29 1  0.297174752  30 1 
SAS SCALE FACTORS
< 1.000000000        1.000000000        1.000000000        1.000000000       
Transfer Matrix
< 0.159129024   9 1  0.000000000  10 0  0.000000000  11 0  0.000000000  12 0 
< 0.000000000  13 0  5.639036179  14 1  0.000000000  15 0  0.000000000  16 0 
< 0.000000000  17 0  0.000000000  18 0  1.068278074  19 1  0.000000000  20 0 
< 0.000000000  21 0  0.000000000  22 0  0.000000000  23 0  0.285709262  24 1 
Diagonal
< 0.159129024   9 1  5.639036179  14 1  1.068278074  19 1  0.285709262  24 1 
Background
< 12.85521221  31 1
Shift
<-0.088185064  32 1
----------------------------------------------------------------------------

Datafile: <global03.dat
Wavelength: <675.00
fit start: <30 fit end: <965
----------------------------------------------------------------------------
Bound
< 1.000000000   1 0  1.000000000   2 0  1.000000000   3 0  1.000000000   4 0 
SAS
< 0.800674915  33 1  0.112006456  34 1  0.189084440  35 1  0.282659739  36 1 
SAS SCALE FACTORS
< 1.000000000        1.000000000        1.000000000        1.000000000       
Transfer Matrix
< 0.159129024   9 1  0.000000000  10 0  0.000000000  11 0  0.000000000  12 0 
< 0.000000000  13 0  5.639036179  14 1  0.000000000  15 0  0.000000000  16 0 
< 0.000000000  17 0  0.000000000  18 0  1.068278074  19 1  0.000000000  20 0 
< 0.000000000  21 0  0.000000000  22 0  0.000000000  23 0  0.285709262  24 1 
Diagonal
< 0.159129024   9 1  5.639036179  14 1  1.068278074  19 1  0.285709262  24 1 
Background
< 11.14657784  37 1
Shift
< 0.146019250  38 1
----------------------------------------------------------------------------

Datafile: <global04.dat
Wavelength: <680.00
fit start: <30 fit end: <965
----------------------------------------------------------------------------
Bound
< 1.000000000   1 0  1.000000000   2 0  1.000000000   3 0  1.000000000   4 0 
SAS
< 0.898618221  39 1  0.000003340  40 1  0.119633473  41 1  0.264929771  42 1 
SAS SCALE FACTORS
< 1.000000000        1.000000000        1.000000000        1.000000000       
Transfer Matrix
< 0.159129024   9 1  0.000000000  10 0  0.000000000  11 0  0.000000000  12 0 
< 0.000000000  13 0  5.639036179  14 1  0.000000000  15 0  0.000000000  16 0 
< 0.000000000  17 0  0.000000000  18 0  1.068278074  19 1  0.000000000  20 0 
< 0.000000000  21 0  0.000000000  22 0  0.000000000  23 0  0.285709262  24 1 
Diagonal
< 0.159129024   9 1  5.639036179  14 1  1.068278074  19 1  0.285709262  24 1 
Background
<  8.55228519  43 1
Shift
< 0.219933644  44 1
----------------------------------------------------------------------------

Datafile: <global05.dat
Wavelength: <685.00
fit start: <30 fit end: <965
----------------------------------------------------------------------------
Bound
< 1.000000000   1 0  1.000000000   2 0  1.000000000   3 0  1.000000000   4 0 
SAS
< 0.911974669  45 1  0.000029207  46 1  0.083497189  47 1  0.280324668  48 1 
SAS SCALE FACTORS
< 1.000000000        1.000000000        1.000000000        1.000000000       
Transfer Matrix
< 0.159129024   9 1  0.000000000  10 0  0.000000000  11 0  0.000000000  12 0 
< 0.000000000  13 0  5.639036179  14 1  0.000000000  15 0  0.000000000  16 0 
< 0.000000000  17 0  0.000000000  18 0  1.068278074  19 1  0.000000000  20 0 
< 0.000000000  21 0  0.000000000  22 0  0.000000000  23 0  0.285709262  24 1 
Diagonal
< 0.159129024   9 1  5.639036179  14 1  1.068278074  19 1  0.285709262  24 1 
Background
<  0.10000000  49 0
Shift
< 0.345214039  50 1
----------------------------------------------------------------------------

Datafile: <global06.dat
Wavelength: <690.00
fit start: <30 fit end: <965
----------------------------------------------------------------------------
Bound
< 1.000000000   1 0  1.000000000   2 0  1.000000000   3 0  1.000000000   4 0 
SAS
< 0.848538101  51 1  0.000027135  52 1  0.065290868  53 1  0.356411606  54 1 
SAS SCALE FACTORS
< 1.000000000        1.000000000        1.000000000        1.000000000       
Transfer Matrix
< 0.159129024   9 1  0.000000000  10 0  0.000000000  11 0  0.000000000  12 0 
< 0.000000000  13 0  5.639036179  14 1  0.000000000  15 0  0.000000000  16 0 
< 0.000000000  17 0  0.000000000  18 0  1.068278074  19 1  0.000000000  20 0 
< 0.000000000  21 0  0.000000000  22 0  0.000000000  23 0  0.285709262  24 1 
Diagonal
< 0.159129024   9 1  5.639036179  14 1  1.068278074  19 1  0.285709262  24 1 
Background
<  0.61686647  55 1
Shift
< 0.007203570  56 1
----------------------------------------------------------------------------

Datafile: <global07.dat
Wavelength: <695.00
fit start: <30 fit end: <965
----------------------------------------------------------------------------
Bound
< 1.000000000   1 0  1.000000000   2 0  1.000000000   3 0  1.000000000   4 0 
SAS
< 0.755699933  57 1  0.000018948  58 1  0.090286292  59 1  0.436692834  60 1 
SAS SCALE FACTORS
< 1.000000000        1.000000000        1.000000000        1.000000000       
Transfer Matrix
< 0.159129024   9 1  0.000000000  10 0  0.000000000  11 0  0.000000000  12 0 
< 0.000000000  13 0  5.639036179  14 1  0.000000000  15 0  0.000000000  16 0 
< 0.000000000  17 0  0.000000000  18 0  1.068278074  19 1  0.000000000  20 0 
< 0.000000000  21 0  0.000000000  22 0  0.000000000  23 0  0.285709262  24 1 
Diagonal
< 0.159129024   9 1  5.639036179  14 1  1.068278074  19 1  0.285709262  24 1 
Background
<  0.10000000  61 0
Shift
< 0.029096261  62 1
----------------------------------------------------------------------------

Datafile: <global08.dat
Wavelength: <700.00
fit start: <30 fit end: <965
----------------------------------------------------------------------------
Bound
< 1.000000000   1 0  1.000000000   2 0  1.000000000   3 0  1.000000000   4 0 
SAS
< 0.715940297  63 1  0.000014035  64 1  0.118358448  65 1  0.449384958  66 1 
SAS SCALE FACTORS
< 1.000000000        1.000000000        1.000000000        1.000000000       
Transfer Matrix
< 0.159129024   9 1  0.000000000  10 0  0.000000000  11 0  0.000000000  12 0 
< 0.000000000  13 0  5.639036179  14 1  0.000000000  15 0  0.000000000  16 0 
< 0.000000000  17 0  0.000000000  18 0  1.068278074  19 1  0.000000000  20 0 
< 0.000000000  21 0  0.000000000  22 0  0.000000000  23 0  0.285709262  24 1 
Diagonal
< 0.159129024   9 1  5.639036179  14 1  1.068278074  19 1  0.285709262  24 1 
Background
<  0.10000000  67 0
Shift
< 0.052300259  68 1
----------------------------------------------------------------------------

