Target global fit>>
Input answer file: /darkstarhome/svassili/.tgfit/sas5.ans
Output answer file: /darkstarhome/svassili/.tgfit/sas5.ans
data [1] chisq=1.049814 DW=0.000000 
Global   chisq=1.049814 DW=0.000000 
Number of datasets: <1
Number of compartments <5

Datafile: <blue15.asc
Wavelength: <640.00
fit start: <50 fit end: <4000
-----------------------------------------------------------------------------------------------
Bound
< 1.000000000   1 0  1.000000000   2 0  1.000000000   3 0  1.000000000   4 0  1.000000000   5 0 
SAS
< 0.000353701   6 1  0.007164950   7 1  0.116814189   8 1  0.659235775   9 1  1.240383625  10 1 
Transfer Matrix
< 0.070876941  11 1  0.000000000  12 0  0.000000000  13 0  0.000000000  14 0  0.000000000  15 0 
< 0.000000000  16 0  0.416908503  17 1  0.000000000  18 0  0.000000000  19 0  0.000000000  20 0 
< 0.000000000  21 0  0.000000000  22 0  1.823782563  23 1  0.000000000  24 0  0.000000000  25 0 
< 0.000000000  26 0  0.000000000  27 0  0.000000000  28 0  5.087381363  29 1  0.000000000  30 0 
< 0.000000000  31 0  0.000000000  32 0  0.000000000  33 0  0.000000000  34 0 24.027824402  35 1 
Diagonal
< 0.070876941  11 1  0.416908503  17 1  1.823782563  23 1  5.087381363  29 1 24.027824402  35 1 
Background
< -0.13310024  36 1
Shift
< 1.452242494  37 1
-----------------------------------------------------------------------------------------------

