Target global fit>>
Input answer file: /darkstarhome/svassili/.tgfit/sas6.ans
Output answer file: /darkstarhome/svassili/.tgfit/sas6.ans
data [1] chisq=1.052123 DW=0.000000 
Global   chisq=1.052123 DW=0.000000 
Number of datasets: <1
Number of compartments <6

Datafile: <blue15.asc
Wavelength: <640.00
fit start: <50 fit end: <4000
------------------------------------------------------------------------------------------------------------------
Bound
< 1.000000000   1 0  1.000000000   2 0  1.000000000   3 0  1.000000000   4 0  1.000000000   5 0  1.000000000   6 0 
SAS
< 0.000495359   7 1  0.010264110   8 1  0.179081261   9 1  0.572011888  10 1  1.621954679  11 1 -0.520760596  12 1 
Transfer Matrix
< 0.089248426  13 1  0.000000000  14 0  0.000000000  15 0  0.000000000  16 0  0.000000000  17 0  0.000000000  18 0 
< 0.000000000  19 0  0.498608470  20 1  0.000000000  21 0  0.000000000  22 0  0.000000000  23 0  0.000000000  24 0 
< 0.000000000  25 0  0.000000000  26 0  2.227353573  27 1  0.000000000  28 0  0.000000000  29 0  0.000000000  30 0 
< 0.000000000  31 0  0.000000000  32 0  0.000000000  33 0  5.419923782  34 1  0.000000000  35 0  0.000000000  36 0 
< 0.000000000  37 0  0.000000000  38 0  0.000000000  39 0  0.000000000  40 0 23.872673035  41 1  0.000000000  42 0 
< 0.000000000  43 0  0.000000000  44 0  0.000000000  45 0  0.000000000  46 0  0.000000000  47 0 44.698463440  48 1 
Diagonal
< 0.089248426  13 1  0.498608470  20 1  2.227353573  27 1  5.419923782  34 1 23.872673035  41 1 44.698463440  48 1 
Background
< -0.02216253  49 1
Shift
< 1.393746853  50 1
------------------------------------------------------------------------------------------------------------------

