2.330000E-02           1        1000
0.000000 6.000000
0.000000 4.000000
0.000000 3.000000
1.000000 4.000000
0.000000 7.000000
2.000000 5.000000
0.000000 6.000000
0.000000 7.000000
0.000000 5.000000
0.000000 3.000000
0.000000 8.000000
0.000000 5.000000
0.000000 5.000000
0.000000 2.000000
0.000000 3.000000
1.000000 5.000000
1.000000 4.000000
2.000000 7.000000
1.000000 4.000000
4.000000 9.000000
4.000000 3.000000
3.000000 2.000000
4.000000 12.000000
4.000000 4.000000
9.000000 3.000000
17.000000 6.000000
27.000000 13.000000
48.000000 12.000000
115.000000 10.000000
300.000000 40.000000
907.000000 78.000000
2780.000000 272.000000
9481.000000 796.000000
28237.000000 2247.000000
58761.000000 5613.000000
72745.000000 10211.000000
56822.000000 14148.000000
33316.000000 16818.000000
17401.000000 18314.000000
8900.000000 18432.000000
4917.000000 19001.000000
3501.000000 19332.000000
2914.000000 19164.000000
2999.000000 18928.000000
3312.000000 19318.000000
3655.000000 19707.000000
3528.000000 19690.000000
3513.000000 19380.000000
3307.000000 19941.000000
2831.000000 19919.000000
2311.000000 19888.000000
1687.000000 19740.000000
1257.000000 20092.000000
1113.000000 20049.000000
1007.000000 19767.000000
880.000000 19322.000000
689.000000 19683.000000
581.000000 19419.000000
519.000000 19590.000000
483.000000 19530.000000
451.000000 19391.000000
395.000000 19353.000000
322.000000 19211.000000
270.000000 18979.000000
239.000000 19339.000000
225.000000 18973.000000
179.000000 18805.000000
192.000000 18884.000000
186.000000 18744.000000
148.000000 18463.000000
176.000000 18846.000000
151.000000 18319.000000
126.000000 18391.000000
117.000000 18239.000000
119.000000 18228.000000
114.000000 18131.000000
81.000000 18059.000000
107.000000 17688.000000
95.000000 17971.000000
94.000000 17690.000000
92.000000 17540.000000
85.000000 17724.000000
90.000000 17575.000000
89.000000 17349.000000
72.000000 17475.000000
97.000000 17091.000000
84.000000 17346.000000
84.000000 17040.000000
64.000000 16803.000000
76.000000 16869.000000
78.000000 16648.000000
82.000000 16380.000000
69.000000 16758.000000
77.000000 16636.000000
74.000000 16509.000000
61.000000 16300.000000
95.000000 16287.000000
86.000000 16240.000000
86.000000 16338.000000
71.000000 15931.000000
86.000000 16065.000000
70.000000 16009.000000
71.000000 15817.000000
63.000000 15754.000000
68.000000 15708.000000
60.000000 15595.000000
63.000000 15699.000000
80.000000 15415.000000
60.000000 15262.000000
64.000000 15428.000000
67.000000 15348.000000
77.000000 15164.000000
53.000000 15230.000000
77.000000 15073.000000
56.000000 15012.000000
51.000000 15043.000000
61.000000 15016.000000
40.000000 14599.000000
65.000000 14880.000000
41.000000 14495.000000
45.000000 14704.000000
39.000000 14446.000000
39.000000 14558.000000
29.000000 14221.000000
44.000000 14513.000000
26.000000 14507.000000
35.000000 14250.000000
33.000000 14213.000000
38.000000 13958.000000
24.000000 14167.000000
27.000000 13891.000000
23.000000 13768.000000
35.000000 13947.000000
23.000000 13893.000000
30.000000 13700.000000
27.000000 13552.000000
28.000000 13698.000000
37.000000 13535.000000
24.000000 13707.000000
27.000000 13327.000000
26.000000 13499.000000
31.000000 13502.000000
28.000000 13301.000000
29.000000 13188.000000
16.000000 13129.000000
26.000000 13297.000000
25.000000 12998.000000
28.000000 12983.000000
21.000000 13032.000000
23.000000 13004.000000
22.000000 12967.000000
20.000000 12612.000000
19.000000 12933.000000
20.000000 12642.000000
17.000000 12651.000000
17.000000 12627.000000
20.000000 12568.000000
21.000000 12425.000000
18.000000 12329.000000
15.000000 12108.000000
26.000000 12258.000000
16.000000 12165.000000
17.000000 12159.000000
23.000000 12169.000000
16.000000 12098.000000
9.000000 12250.000000
14.000000 12077.000000
18.000000 12143.000000
11.000000 11893.000000
16.000000 11662.000000
17.000000 11798.000000
13.000000 11778.000000
15.000000 11648.000000
8.000000 11566.000000
13.000000 11674.000000
15.000000 11515.000000
16.000000 11315.000000
18.000000 11304.000000
20.000000 11530.000000
11.000000 11321.000000
9.000000 11483.000000
10.000000 11246.000000
14.000000 11283.000000
8.000000 11006.000000
16.000000 11175.000000
14.000000 10989.000000
9.000000 10893.000000
13.000000 10766.000000
18.000000 11052.000000
14.000000 11018.000000
11.000000 10894.000000
11.000000 10810.000000
14.000000 10664.000000
6.000000 10804.000000
7.000000 10776.000000
13.000000 10591.000000
9.000000 10748.000000
15.000000 10668.000000
12.000000 10595.000000
10.000000 10451.000000
10.000000 10347.000000
12.000000 10600.000000
12.000000 10399.000000
8.000000 10280.000000
11.000000 10328.000000
11.000000 10394.000000
6.000000 10117.000000
14.000000 10133.000000
16.000000 9936.000000
8.000000 10266.000000
12.000000 10032.000000
12.000000 9898.000000
17.000000 9938.000000
8.000000 9864.000000
11.000000 9927.000000
9.000000 9643.000000
10.000000 9868.000000
10.000000 9677.000000
10.000000 9593.000000
13.000000 9716.000000
10.000000 9412.000000
10.000000 9648.000000
12.000000 9489.000000
10.000000 9276.000000
10.000000 9556.000000
3.000000 9426.000000
12.000000 9357.000000
7.000000 9248.000000
1.000000 9332.000000
13.000000 9415.000000
9.000000 9343.000000
5.000000 9074.000000
5.000000 9301.000000
10.000000 9039.000000
6.000000 9130.000000
11.000000 8901.000000
7.000000 8964.000000
11.000000 8975.000000
4.000000 9026.000000
8.000000 8802.000000
10.000000 8864.000000
10.000000 8746.000000
13.000000 8768.000000
13.000000 8769.000000
8.000000 8802.000000
4.000000 8485.000000
6.000000 8662.000000
7.000000 8589.000000
7.000000 8336.000000
4.000000 8484.000000
13.000000 8408.000000
2.000000 8292.000000
8.000000 8388.000000
13.000000 8335.000000
13.000000 8178.000000
8.000000 8180.000000
12.000000 8321.000000
6.000000 8247.000000
5.000000 8277.000000
6.000000 8145.000000
6.000000 8160.000000
8.000000 7942.000000
6.000000 8040.000000
10.000000 8003.000000
10.000000 7804.000000
3.000000 7944.000000
7.000000 7936.000000
9.000000 7950.000000
3.000000 7899.000000
11.000000 7802.000000
7.000000 7787.000000
6.000000 7726.000000
4.000000 7666.000000
6.000000 7643.000000
6.000000 7623.000000
9.000000 7619.000000
7.000000 7585.000000
6.000000 7728.000000
9.000000 7521.000000
8.000000 7425.000000
4.000000 7550.000000
8.000000 7447.000000
6.000000 7423.000000
8.000000 7345.000000
8.000000 7360.000000
7.000000 7518.000000
7.000000 7350.000000
7.000000 7229.000000
10.000000 7416.000000
10.000000 7190.000000
8.000000 7227.000000
3.000000 7279.000000
4.000000 7125.000000
3.000000 7117.000000
3.000000 7119.000000
7.000000 6973.000000
5.000000 6872.000000
8.000000 7124.000000
6.000000 6957.000000
4.000000 6653.000000
6.000000 6906.000000
2.000000 6861.000000
5.000000 6809.000000
1.000000 6917.000000
6.000000 6860.000000
5.000000 6869.000000
3.000000 6824.000000
7.000000 6596.000000
0.000000 6703.000000
4.000000 6659.000000
5.000000 6672.000000
5.000000 6459.000000
4.000000 6712.000000
13.000000 6634.000000
4.000000 6580.000000
4.000000 6424.000000
9.000000 6517.000000
3.000000 6425.000000
5.000000 6447.000000
1.000000 6416.000000
5.000000 6429.000000
5.000000 6366.000000
3.000000 6365.000000
8.000000 6262.000000
4.000000 6169.000000
4.000000 6326.000000
4.000000 6203.000000
2.000000 6139.000000
6.000000 6315.000000
9.000000 6295.000000
4.000000 6196.000000
5.000000 6143.000000
3.000000 5888.000000
6.000000 5960.000000
7.000000 6177.000000
4.000000 5989.000000
3.000000 6038.000000
7.000000 5753.000000
6.000000 5935.000000
3.000000 5958.000000
7.000000 5891.000000
5.000000 5932.000000
1.000000 5913.000000
2.000000 5850.000000
5.000000 5870.000000
1.000000 5773.000000
4.000000 5784.000000
4.000000 5552.000000
6.000000 5780.000000
7.000000 5604.000000
4.000000 5593.000000
4.000000 5681.000000
3.000000 5632.000000
7.000000 5611.000000
9.000000 5623.000000
4.000000 5653.000000
8.000000 5545.000000
3.000000 5416.000000
7.000000 5412.000000
3.000000 5383.000000
3.000000 5374.000000
3.000000 5320.000000
5.000000 5294.000000
9.000000 5273.000000
4.000000 5294.000000
8.000000 5315.000000
3.000000 5436.000000
5.000000 5353.000000
3.000000 5281.000000
7.000000 5171.000000
7.000000 5196.000000
1.000000 5123.000000
7.000000 5178.000000
6.000000 5155.000000
2.000000 5294.000000
0.000000 5136.000000
7.000000 5107.000000
4.000000 5092.000000
2.000000 5053.000000
5.000000 4928.000000
4.000000 5127.000000
4.000000 5170.000000
7.000000 4911.000000
0.000000 4927.000000
3.000000 4897.000000
3.000000 5014.000000
4.000000 4926.000000
7.000000 4845.000000
2.000000 4862.000000
6.000000 4878.000000
6.000000 4875.000000
3.000000 4680.000000
3.000000 4696.000000
4.000000 4765.000000
5.000000 4830.000000
6.000000 4670.000000
4.000000 4772.000000
4.000000 4672.000000
2.000000 4678.000000
5.000000 4566.000000
2.000000 4631.000000
4.000000 4565.000000
2.000000 4594.000000
2.000000 4666.000000
4.000000 4515.000000
3.000000 4616.000000
8.000000 4506.000000
3.000000 4518.000000
6.000000 4504.000000
4.000000 4562.000000
4.000000 4450.000000
3.000000 4373.000000
7.000000 4539.000000
3.000000 4345.000000
4.000000 4403.000000
2.000000 4300.000000
1.000000 4392.000000
3.000000 4307.000000
0.000000 4324.000000
1.000000 4246.000000
8.000000 4213.000000
3.000000 4177.000000
5.000000 4182.000000
3.000000 4223.000000
2.000000 4138.000000
4.000000 4033.000000
3.000000 4136.000000
6.000000 4152.000000
4.000000 4137.000000
1.000000 4115.000000
3.000000 4105.000000
4.000000 4053.000000
3.000000 4146.000000
5.000000 4135.000000
4.000000 4129.000000
4.000000 3990.000000
4.000000 3988.000000
1.000000 3939.000000
7.000000 3943.000000
5.000000 4029.000000
0.000000 4035.000000
3.000000 3857.000000
3.000000 3903.000000
0.000000 3885.000000
3.000000 3775.000000
3.000000 3981.000000
2.000000 3821.000000
4.000000 3857.000000
0.000000 3904.000000
3.000000 3795.000000
5.000000 3914.000000
4.000000 3692.000000
5.000000 3722.000000
7.000000 3798.000000
4.000000 3895.000000
3.000000 3751.000000
2.000000 3777.000000
1.000000 3690.000000
5.000000 3740.000000
2.000000 3634.000000
6.000000 3753.000000
3.000000 3755.000000
8.000000 3656.000000
4.000000 3621.000000
1.000000 3643.000000
1.000000 3595.000000
5.000000 3666.000000
4.000000 3650.000000
3.000000 3578.000000
4.000000 3514.000000
1.000000 3566.000000
1.000000 3383.000000
3.000000 3520.000000
3.000000 3544.000000
4.000000 3526.000000
0.000000 3487.000000
2.000000 3540.000000
5.000000 3507.000000
4.000000 3535.000000
1.000000 3374.000000
0.000000 3399.000000
2.000000 3446.000000
2.000000 3445.000000
5.000000 3344.000000
2.000000 3382.000000
6.000000 3340.000000
3.000000 3398.000000
2.000000 3281.000000
4.000000 3331.000000
5.000000 3345.000000
0.000000 3343.000000
3.000000 3303.000000
1.000000 3279.000000
4.000000 3271.000000
2.000000 3222.000000
5.000000 3146.000000
4.000000 3282.000000
5.000000 3074.000000
2.000000 3127.000000
6.000000 3146.000000
5.000000 3272.000000
3.000000 3201.000000
1.000000 3168.000000
3.000000 3141.000000
4.000000 3094.000000
3.000000 3122.000000
2.000000 3166.000000
2.000000 2990.000000
3.000000 3142.000000
1.000000 3027.000000
3.000000 3144.000000
3.000000 2986.000000
2.000000 3052.000000
2.000000 2909.000000
3.000000 2983.000000
1.000000 2959.000000
6.000000 2940.000000
3.000000 3093.000000
3.000000 3020.000000
0.000000 2910.000000
3.000000 2766.000000
5.000000 2827.000000
3.000000 2825.000000
2.000000 2959.000000
4.000000 2879.000000
4.000000 2818.000000
0.000000 2891.000000
3.000000 2725.000000
3.000000 2816.000000
4.000000 2695.000000
1.000000 2853.000000
3.000000 2767.000000
1.000000 2824.000000
2.000000 2814.000000
2.000000 2754.000000
1.000000 2696.000000
2.000000 2820.000000
5.000000 2655.000000
1.000000 2729.000000
7.000000 2625.000000
2.000000 2731.000000
5.000000 2693.000000
5.000000 2697.000000
3.000000 2582.000000
2.000000 2668.000000
1.000000 2732.000000
2.000000 2597.000000
3.000000 2566.000000
4.000000 2619.000000
3.000000 2536.000000
3.000000 2658.000000
7.000000 2667.000000
4.000000 2576.000000
1.000000 2596.000000
1.000000 2524.000000
2.000000 2504.000000
3.000000 2546.000000
3.000000 2534.000000
2.000000 2548.000000
2.000000 2413.000000
0.000000 2542.000000
1.000000 2472.000000
2.000000 2434.000000
0.000000 2407.000000
4.000000 2498.000000
1.000000 2447.000000
1.000000 2488.000000
1.000000 2372.000000
2.000000 2460.000000
4.000000 2414.000000
5.000000 2473.000000
3.000000 2350.000000
0.000000 2353.000000
4.000000 2387.000000
5.000000 2398.000000
3.000000 2349.000000
4.000000 2405.000000
3.000000 2448.000000
2.000000 2327.000000
2.000000 2429.000000
3.000000 2290.000000
3.000000 2273.000000
2.000000 2230.000000
2.000000 2276.000000
4.000000 2274.000000
4.000000 2267.000000
4.000000 2255.000000
1.000000 2229.000000
4.000000 2308.000000
2.000000 2218.000000
4.000000 2209.000000
0.000000 2187.000000
4.000000 2256.000000
2.000000 2186.000000
0.000000 2267.000000
0.000000 2232.000000
2.000000 2211.000000
3.000000 2180.000000
2.000000 2170.000000
2.000000 2152.000000
1.000000 2188.000000
1.000000 2199.000000
2.000000 2223.000000
5.000000 2109.000000
3.000000 2138.000000
1.000000 2228.000000
2.000000 2139.000000
3.000000 2116.000000
3.000000 1954.000000
1.000000 2103.000000
1.000000 2084.000000
1.000000 2042.000000
1.000000 2100.000000
5.000000 2038.000000
3.000000 2125.000000
0.000000 2013.000000
9.000000 2149.000000
3.000000 2120.000000
2.000000 2109.000000
0.000000 2027.000000
1.000000 1908.000000
0.000000 1977.000000
5.000000 2041.000000
1.000000 1987.000000
1.000000 1987.000000
7.000000 1878.000000
3.000000 1970.000000
1.000000 1938.000000
0.000000 1964.000000
4.000000 1899.000000
1.000000 1958.000000
1.000000 1909.000000
4.000000 1929.000000
3.000000 1847.000000
2.000000 1886.000000
4.000000 1844.000000
3.000000 1954.000000
3.000000 1840.000000
1.000000 1952.000000
0.000000 1757.000000
3.000000 1842.000000
2.000000 1733.000000
2.000000 1804.000000
1.000000 1755.000000
2.000000 1859.000000
2.000000 1794.000000
1.000000 1805.000000
4.000000 1782.000000
1.000000 1828.000000
2.000000 1787.000000
0.000000 1807.000000
5.000000 1903.000000
0.000000 1764.000000
3.000000 1784.000000
2.000000 1854.000000
1.000000 1722.000000
2.000000 1734.000000
2.000000 1649.000000
1.000000 1704.000000
3.000000 1716.000000
2.000000 1723.000000
4.000000 1700.000000
3.000000 1724.000000
4.000000 1707.000000
4.000000 1695.000000
0.000000 1670.000000
2.000000 1667.000000
3.000000 1671.000000
2.000000 1558.000000
1.000000 1718.000000
5.000000 1677.000000
1.000000 1688.000000
0.000000 1610.000000
0.000000 1680.000000
3.000000 1635.000000
3.000000 1608.000000
0.000000 1561.000000
1.000000 1637.000000
4.000000 1652.000000
1.000000 1641.000000
2.000000 1537.000000
2.000000 1615.000000
2.000000 1634.000000
2.000000 1548.000000
4.000000 1584.000000
3.000000 1500.000000
3.000000 1594.000000
2.000000 1491.000000
3.000000 1584.000000
2.000000 1567.000000
2.000000 1576.000000
4.000000 1492.000000
1.000000 1537.000000
2.000000 1454.000000
4.000000 1563.000000
2.000000 1554.000000
3.000000 1558.000000
2.000000 1497.000000
3.000000 1473.000000
1.000000 1521.000000
1.000000 1551.000000
0.000000 1500.000000
5.000000 1413.000000
1.000000 1416.000000
2.000000 1363.000000
1.000000 1499.000000
1.000000 1481.000000
3.000000 1442.000000
0.000000 1441.000000
4.000000 1463.000000
2.000000 1400.000000
3.000000 1395.000000
3.000000 1473.000000
1.000000 1443.000000
1.000000 1333.000000
4.000000 1445.000000
0.000000 1419.000000
1.000000 1336.000000
4.000000 1389.000000
1.000000 1395.000000
1.000000 1329.000000
2.000000 1371.000000
1.000000 1347.000000
3.000000 1361.000000
5.000000 1426.000000
0.000000 1248.000000
3.000000 1280.000000
0.000000 1345.000000
3.000000 1335.000000
2.000000 1315.000000
3.000000 1272.000000
2.000000 1351.000000
1.000000 1255.000000
0.000000 1353.000000
1.000000 1278.000000
3.000000 1274.000000
0.000000 1311.000000
5.000000 1326.000000
3.000000 1263.000000
1.000000 1365.000000
0.000000 1292.000000
0.000000 1266.000000
1.000000 1256.000000
1.000000 1257.000000
4.000000 1339.000000
3.000000 1219.000000
2.000000 1296.000000
2.000000 1244.000000
1.000000 1232.000000
2.000000 1243.000000
3.000000 1194.000000
2.000000 1239.000000
0.000000 1219.000000
2.000000 1185.000000
3.000000 1195.000000
4.000000 1189.000000
1.000000 1204.000000
0.000000 1173.000000
0.000000 1174.000000
3.000000 1169.000000
1.000000 1179.000000
4.000000 1172.000000
0.000000 1162.000000
1.000000 1132.000000
0.000000 1145.000000
0.000000 1055.000000
3.000000 1138.000000
1.000000 1132.000000
2.000000 1125.000000
1.000000 1111.000000
1.000000 1091.000000
1.000000 1119.000000
1.000000 1145.000000
4.000000 1101.000000
3.000000 1055.000000
2.000000 1170.000000
2.000000 1137.000000
2.000000 1128.000000
0.000000 1064.000000
1.000000 1094.000000
1.000000 1110.000000
2.000000 1123.000000
1.000000 1047.000000
4.000000 1089.000000
1.000000 1093.000000
3.000000 1061.000000
4.000000 1039.000000
3.000000 1067.000000
0.000000 1017.000000
5.000000 1035.000000
2.000000 1087.000000
0.000000 1099.000000
3.000000 1045.000000
2.000000 1069.000000
4.000000 1066.000000
3.000000 956.000000
1.000000 1057.000000
3.000000 1021.000000
0.000000 1093.000000
3.000000 971.000000
2.000000 1065.000000
7.000000 1054.000000
1.000000 939.000000
5.000000 1020.000000
2.000000 1058.000000
0.000000 993.000000
3.000000 977.000000
2.000000 1020.000000
1.000000 1027.000000
1.000000 1007.000000
1.000000 987.000000
2.000000 951.000000
0.000000 1011.000000
1.000000 921.000000
0.000000 921.000000
0.000000 944.000000
1.000000 990.000000
4.000000 931.000000
1.000000 945.000000
2.000000 913.000000
4.000000 958.000000
2.000000 936.000000
3.000000 955.000000
2.000000 981.000000
1.000000 1000.000000
1.000000 898.000000
1.000000 885.000000
3.000000 926.000000
1.000000 917.000000
1.000000 937.000000
3.000000 908.000000
0.000000 935.000000
3.000000 843.000000
3.000000 872.000000
1.000000 879.000000
2.000000 878.000000
0.000000 864.000000
0.000000 928.000000
2.000000 897.000000
0.000000 875.000000
1.000000 896.000000
1.000000 877.000000
1.000000 856.000000
0.000000 821.000000
1.000000 825.000000
2.000000 843.000000
1.000000 804.000000
0.000000 840.000000
1.000000 842.000000
1.000000 877.000000
2.000000 858.000000
1.000000 834.000000
2.000000 877.000000
0.000000 843.000000
2.000000 870.000000
2.000000 828.000000
2.000000 867.000000
1.000000 858.000000
3.000000 807.000000
3.000000 795.000000
2.000000 854.000000
2.000000 808.000000
2.000000 867.000000
0.000000 763.000000
1.000000 829.000000
1.000000 819.000000
1.000000 836.000000
0.000000 806.000000
1.000000 819.000000
0.000000 764.000000
2.000000 835.000000
1.000000 794.000000
4.000000 786.000000
1.000000 750.000000
1.000000 793.000000
3.000000 716.000000
2.000000 776.000000
2.000000 773.000000
1.000000 790.000000
0.000000 736.000000
1.000000 731.000000
2.000000 735.000000
1.000000 744.000000
2.000000 738.000000
1.000000 735.000000
1.000000 732.000000
2.000000 772.000000
1.000000 730.000000
4.000000 760.000000
2.000000 764.000000
3.000000 772.000000
1.000000 685.000000
0.000000 716.000000
1.000000 770.000000
2.000000 691.000000
3.000000 719.000000
0.000000 695.000000
0.000000 790.000000
1.000000 720.000000
2.000000 698.000000
0.000000 746.000000
1.000000 699.000000
1.000000 743.000000
1.000000 709.000000
3.000000 726.000000
1.000000 675.000000
1.000000 698.000000
1.000000 697.000000
0.000000 689.000000
2.000000 718.000000
2.000000 677.000000
0.000000 664.000000
0.000000 749.000000
1.000000 732.000000
2.000000 697.000000
1.000000 650.000000
2.000000 633.000000
1.000000 629.000000
2.000000 666.000000
0.000000 665.000000
1.000000 646.000000
1.000000 667.000000
2.000000 621.000000
0.000000 615.000000
0.000000 661.000000
1.000000 577.000000
5.000000 665.000000
2.000000 576.000000
1.000000 673.000000
1.000000 650.000000
1.000000 641.000000
0.000000 606.000000
1.000000 641.000000
0.000000 659.000000
3.000000 685.000000
0.000000 616.000000
2.000000 603.000000
1.000000 615.000000
2.000000 624.000000
1.000000 582.000000
0.000000 588.000000
1.000000 611.000000
1.000000 652.000000
3.000000 621.000000
0.000000 631.000000
0.000000 560.000000
0.000000 583.000000
1.000000 566.000000
0.000000 585.000000
0.000000 579.000000
1.000000 633.000000
1.000000 618.000000
1.000000 590.000000
0.000000 589.000000
2.000000 571.000000
2.000000 581.000000
3.000000 562.000000
2.000000 535.000000
2.000000 596.000000
1.000000 548.000000
3.000000 534.000000
0.000000 560.000000
0.000000 606.000000
4.000000 543.000000
0.000000 546.000000
0.000000 584.000000
2.000000 545.000000
1.000000 515.000000
0.000000 514.000000
3.000000 568.000000
0.000000 282.000000
0.000000 0.000000
0.000000 0.000000
0.000000 0.000000
0.000000 0.000000
0.000000 0.000000
0.000000 0.000000
0.000000 0.000000
0.000000 0.000000
0.000000 0.000000
0.000000 0.000000
0.000000 0.000000
0.000000 0.000000
0.000000 0.000000
0.000000 0.000000
0.000000 0.000000
0.000000 0.000000
0.000000 0.000000
0.000000 0.000000
0.000000 0.000000
0.000000 0.000000
0.000000 0.000000
0.000000 0.000000
0.000000 0.000000
0.000000 0.000000
0.000000 0.000000
0.000000 0.000000
0.000000 0.000000
0.000000 0.000000
0.000000 0.000000
0.000000 0.000000
0.000000 0.000000
0.000000 0.000000
0.000000 0.000000
0.000000 0.000000
0.000000 0.000000
0.000000 0.000000
0.000000 0.000000
0.000000 0.000000
0.000000 0.000000
0.000000 0.000000
0.000000 0.000000
0.000000 0.000000
0.000000 0.000000
0.000000 0.000000
0.000000 0.000000
0.000000 0.000000
0.000000 0.000000
0.000000 0.000000
0.000000 0.000000
0.000000 0.000000
0.000000 0.000000
0.000000 0.000000
0.000000 0.000000
