Target global fit>>
Input answer file: sas4.ans
Output answer file: sas4.ans
data [1] chisq=1.337021 DW=0.000000 
data [2] chisq=1.369041 DW=0.000000 
data [3] chisq=1.183370 DW=0.000000 
data [4] chisq=1.231309 DW=0.000000 
data [5] chisq=1.121161 DW=0.000000 
data [6] chisq=1.102696 DW=0.000000 
data [7] chisq=1.174076 DW=0.000000 
data [8] chisq=1.087554 DW=0.000000 
Global   chisq=1.196220 DW=0.000000 
Number of datasets: <8
Number of compartments <4

Datafile: <global01.dat
Wavelength: <1.00
fit start: <30 fit end: <965
----------------------------------------------------------------------------
Bound
< 1.000000000   1 0  1.000000000   2 0  1.000000000   3 0  1.000000000   4 0 
SAS
< 0.654027462   5 1  0.403195500   6 1  0.303828776   7 1  0.482072264   8 1 
SAS SCALE FACTORS
< 1.000000000        1.000000000        1.000000000        1.000000000       
Transfer Matrix
< 0.162046835   9 1  0.000000000  10 0  0.000000000  11 0  0.000000000  12 0 
< 0.000000000  13 0  1.983497739  14 1  0.000000000  15 0  0.000000000  16 0 
< 0.000000000  17 0  0.000000000  18 0  0.341378629  19 1  0.000000000  20 0 
< 0.000000000  21 0  0.000000000  22 0  0.000000000  23 0 313.965118408  24 1 
Diagonal
< 0.162046835   9 1  1.983497739  14 1  0.341378629  19 1 313.965118408  24 1 
Background
< 13.07340050  25 1
Shift
< 0.423859358  26 1
----------------------------------------------------------------------------

Datafile: <global02.dat
Wavelength: <1.60
fit start: <30 fit end: <965
----------------------------------------------------------------------------
Bound
< 1.000000000   1 0  1.000000000   2 0  1.000000000   3 0  1.000000000   4 0 
SAS
< 0.741374314  27 1  0.342345953  28 1  0.293271482  29 1  0.255084842  30 1 
SAS SCALE FACTORS
< 1.000000000        1.000000000        1.000000000        1.000000000       
Transfer Matrix
< 0.162046835   9 1  0.000000000  10 0  0.000000000  11 0  0.000000000  12 0 
< 0.000000000  13 0  1.983497739  14 1  0.000000000  15 0  0.000000000  16 0 
< 0.000000000  17 0  0.000000000  18 0  0.341378629  19 1  0.000000000  20 0 
< 0.000000000  21 0  0.000000000  22 0  0.000000000  23 0 313.965118408  24 1 
Diagonal
< 0.162046835   9 1  1.983497739  14 1  0.341378629  19 1 313.965118408  24 1 
Background
< 14.95064449  31 1
Shift
<-0.038956039  32 1
----------------------------------------------------------------------------

Datafile: <global03.dat
Wavelength: <1.80
fit start: <30 fit end: <965
----------------------------------------------------------------------------
Bound
< 1.000000000   1 0  1.000000000   2 0  1.000000000   3 0  1.000000000   4 0 
SAS
< 0.860135198  33 1  0.238095313  34 1  0.270909190  35 1 -0.481819153  36 1 
SAS SCALE FACTORS
< 1.000000000        1.000000000        1.000000000        1.000000000       
Transfer Matrix
< 0.162046835   9 1  0.000000000  10 0  0.000000000  11 0  0.000000000  12 0 
< 0.000000000  13 0  1.983497739  14 1  0.000000000  15 0  0.000000000  16 0 
< 0.000000000  17 0  0.000000000  18 0  0.341378629  19 1  0.000000000  20 0 
< 0.000000000  21 0  0.000000000  22 0  0.000000000  23 0 313.965118408  24 1 
Diagonal
< 0.162046835   9 1  1.983497739  14 1  0.341378629  19 1 313.965118408  24 1 
Background
< 14.86931229  37 1
Shift
<-0.180067703  38 1
----------------------------------------------------------------------------

Datafile: <global04.dat
Wavelength: <1.50
fit start: <30 fit end: <965
----------------------------------------------------------------------------
Bound
< 1.000000000   1 0  1.000000000   2 0  1.000000000   3 0  1.000000000   4 0 
SAS
< 0.961839139  39 1  0.109335743  40 1  0.241148382  41 1 -0.926542401  42 1 
SAS SCALE FACTORS
< 1.000000000        1.000000000        1.000000000        1.000000000       
Transfer Matrix
< 0.162046835   9 1  0.000000000  10 0  0.000000000  11 0  0.000000000  12 0 
< 0.000000000  13 0  1.983497739  14 1  0.000000000  15 0  0.000000000  16 0 
< 0.000000000  17 0  0.000000000  18 0  0.341378629  19 1  0.000000000  20 0 
< 0.000000000  21 0  0.000000000  22 0  0.000000000  23 0 313.965118408  24 1 
Diagonal
< 0.162046835   9 1  1.983497739  14 1  0.341378629  19 1 313.965118408  24 1 
Background
< 13.66683865  43 1
Shift
<-0.413075745  44 1
----------------------------------------------------------------------------

Datafile: <global05.dat
Wavelength: <1.20
fit start: <30 fit end: <965
----------------------------------------------------------------------------
Bound
< 1.000000000   1 0  1.000000000   2 0  1.000000000   3 0  1.000000000   4 0 
SAS
< 0.980071485  45 1  0.059038915  46 1  0.247363195  47 1 -0.673889875  48 1 
SAS SCALE FACTORS
< 1.000000000        1.000000000        1.000000000        1.000000000       
Transfer Matrix
< 0.162046835   9 1  0.000000000  10 0  0.000000000  11 0  0.000000000  12 0 
< 0.000000000  13 0  1.983497739  14 1  0.000000000  15 0  0.000000000  16 0 
< 0.000000000  17 0  0.000000000  18 0  0.341378629  19 1  0.000000000  20 0 
< 0.000000000  21 0  0.000000000  22 0  0.000000000  23 0 313.965118408  24 1 
Diagonal
< 0.162046835   9 1  1.983497739  14 1  0.341378629  19 1 313.965118408  24 1 
Background
<  0.10000000  49 0
Shift
<-0.119028345  50 1
----------------------------------------------------------------------------

Datafile: <global06.dat
Wavelength: <690.00
fit start: <30 fit end: <965
----------------------------------------------------------------------------
Bound
< 1.000000000   1 0  1.000000000   2 0  1.000000000   3 0  1.000000000   4 0 
SAS
< 0.927690089  51 1  0.034576464  52 1  0.314110279  53 1 -0.694766343  54 1 
SAS SCALE FACTORS
< 1.000000000        1.000000000        1.000000000        1.000000000       
Transfer Matrix
< 0.162046835   9 1  0.000000000  10 0  0.000000000  11 0  0.000000000  12 0 
< 0.000000000  13 0  1.983497739  14 1  0.000000000  15 0  0.000000000  16 0 
< 0.000000000  17 0  0.000000000  18 0  0.341378629  19 1  0.000000000  20 0 
< 0.000000000  21 0  0.000000000  22 0  0.000000000  23 0 313.965118408  24 1 
Diagonal
< 0.162046835   9 1  1.983497739  14 1  0.341378629  19 1 313.965118408  24 1 
Background
< -4.58111095  55 1
Shift
<-0.487840801  56 1
----------------------------------------------------------------------------

Datafile: <global07.dat
Wavelength: <695.00
fit start: <30 fit end: <965
----------------------------------------------------------------------------
Bound
< 1.000000000   1 0  1.000000000   2 0  1.000000000   3 0  1.000000000   4 0 
SAS
< 0.837064087  57 1  0.048876088  58 1  0.406048715  59 1 -0.743570685  60 1 
SAS SCALE FACTORS
< 1.000000000        1.000000000        1.000000000        1.000000000       
Transfer Matrix
< 0.162046835   9 1  0.000000000  10 0  0.000000000  11 0  0.000000000  12 0 
< 0.000000000  13 0  1.983497739  14 1  0.000000000  15 0  0.000000000  16 0 
< 0.000000000  17 0  0.000000000  18 0  0.341378629  19 1  0.000000000  20 0 
< 0.000000000  21 0  0.000000000  22 0  0.000000000  23 0 313.965118408  24 1 
Diagonal
< 0.162046835   9 1  1.983497739  14 1  0.341378629  19 1 313.965118408  24 1 
Background
<  0.10000000  61 0
Shift
<-0.493144155  62 1
----------------------------------------------------------------------------

Datafile: <global08.dat
Wavelength: <700.00
fit start: <30 fit end: <965
----------------------------------------------------------------------------
Bound
< 1.000000000   1 0  1.000000000   2 0  1.000000000   3 0  1.000000000   4 0 
SAS
< 0.795511961  63 1  0.076117642  64 1  0.427510798  65 1 -0.705487013  66 1 
SAS SCALE FACTORS
< 1.000000000        1.000000000        1.000000000        1.000000000       
Transfer Matrix
< 0.162046835   9 1  0.000000000  10 0  0.000000000  11 0  0.000000000  12 0 
< 0.000000000  13 0  1.983497739  14 1  0.000000000  15 0  0.000000000  16 0 
< 0.000000000  17 0  0.000000000  18 0  0.341378629  19 1  0.000000000  20 0 
< 0.000000000  21 0  0.000000000  22 0  0.000000000  23 0 313.965118408  24 1 
Diagonal
< 0.162046835   9 1  1.983497739  14 1  0.341378629  19 1 313.965118408  24 1 
Background
<  0.10000000  67 0
Shift
<-0.428326249  68 1
----------------------------------------------------------------------------

